59 51 101
75 81 102
75 51 103
82 51 104
94 55 105
88 51 106
96 51 107
59 77 108
67 50 109
72 54 110
60 54 111
86 51 112
67 77 113
67 51 114
59 54 115
60 77 116
67 54 117
33 33 118
51 102 119
81 60 120
105 55 121
88 55 122
59 82 123
72 104 124
111 107 125
86 109 126
51 82 127
67 83 128
59 60 129
75 114 130
51 34 131
67 95 132
51 95 133
110 36 134
67 34 135
51 81 136
94 51 137
51 60 138
55 55 139
92 81 140
102 101 141
82 75 142
51 51 143
118 51 144
108 51 145
54 67 146
99 81 147
69 101 148
59 106 149
72 77 150
